cam0:
  T_cam_imu:
  - [0.007646900415449492, -0.9998884809641042, -0.012827725805162782, 0.04808046140700026]
  - [-0.009721537221786092, -0.01290183032563258, 0.9998695087301612, -0.0698556390487896]
  - [-0.999923505388328, -0.007521197347818198, -0.009819112097004867, -0.04393970796378189]
  - [0.0, 0.0, 0.0, 1.0]
  cam_overlaps: []
  camera_model: pinhole
  distortion_coeffs: [-0.00654801, 0.00541622, 0.000516862, -0.00166389]
  distortion_model: radtan
  intrinsics: [805.474, 805.255, 955.215, 547.513]
  resolution: [1920, 1080]
  rostopic: /oak/rgb/image_raw
  timeshift_cam_imu: -0.006522055872188949
